////////////////////////////////////////////////
!! py camera_calibration.py 
Camera matrix:
[[812.85483572   0.         283.54470177]
 [  0.         804.3078268  305.37390378]
 [  0.           0.           1.        ]]

Distortion coefficient:
[[-3.35664255e-03 -1.25194159e+00 -2.44906014e-03 -1.04102244e-02
   4.05254558e+00]]

Rotation Matrix:
[array([[ 0.98699388,  0.0067967 ,  0.16061411],
       [ 0.00553243,  0.99707791, -0.07619081],
       [-0.16066263,  0.07608845,  0.98407219]]), 
array([[ 0.94526417,  0.02521324, -0.32533051],
       [-0.05721827,  0.99437007, -0.08918651],
       [ 0.32125025,  0.10291966,  0.94138506]]), 
array([[ 0.85490936, -0.01357641,  0.51859971],
       [ 0.05302133,  0.99670934, -0.0613126 ],
       [-0.51606077,  0.07991356,  0.85281599]]), 
array([[ 0.94526417,  0.02521324, -0.32533051],
       [-0.05721827,  0.99437007, -0.08918651],
       [ 0.32125025,  0.10291966,  0.94138506]])]

Translation Vectors:
[array([[ -43.6234046 ],
       [-273.29820946],
       [ 912.70535443]]), 
array([[-158.0875701 ],
       [-256.04546216],
       [ 826.43247447]]), 
array([[  88.63265099],
       [-312.32115975],
       [1191.93975181]]),
array([[-158.0875701 ],
       [-256.04546216],
       [ 826.43247447]])]

!! py camera_calibration.py
total error: 0.07757768752836425
Camera matrix:
[[823.9151089    0.         298.20819006] 
 [  0.         817.78037832 305.53945542] 
 [  0.           0.           1.        ]]

Distortion coefficient:
[[ 6.02094118e-02 -1.72069809e+00  2.04793232e-03 -7.88608391e-03
   5.84237054e+00]]

Rotation Matrix:
[array([[ 0.98998185,  0.00707382,  0.14101739],
       [ 0.00342347,  0.99724803, -0.07405845],
       [-0.14115319,  0.07379929,  0.98723323]]), array([[ 0.94021362,  0.02514445, -0.33965587],
       [-0.05757937,  0.9946511 , -0.08575431],
       [ 0.33568284,  0.10018454,  0.93663231]]), array([[ 0.86379806, -0.01307161,  0.50366859],
       [ 0.05095407,  0.99680457, -0.061517  ],
       [-0.50125503,  0.07880223,  0.8617039 ]])]

Translation Vectors:
[array([[ -60.36523948],
       [-273.22257675],
       [ 925.96296943]]), array([[-173.4592879 ],
       [-256.18671084],
       [ 838.77586278]]), array([[  66.86985679],
       [-312.38289946],
       [1211.19024511]])]

//////////////////////////////////////////////////////////////

!! py calli.py
Camera matrix:
[[804.71784342   0.         274.17410593]
 [  0.         801.83284535 322.38308402]
 [  0.           0.           1.        ]]

Distortion coefficient:
[[ 0.00565383 -0.91322584  0.00556947 -0.00951926  2.55747748]]

Rotation Vectors:
[array([[ 0.98687805,  0.00839633,  0.16124893],
       [ 0.00654617,  0.99574552, -0.09191302],
       [-0.16133464,  0.0917625 ,  0.98262443]]), array([[ 0.95047923,  0.027949  , -0.30952881],
       [-0.06174296,  0.99307737, -0.09992569],
       [ 0.30459324,  0.11408852,  0.94562507]]), array([[ 0.85230729, -0.00976818,  0.52295016],
       [ 0.06211877,  0.9946397 , -0.08266268],
       [-0.51933953,  0.10293902,  0.84834546]])]

Translation Vectors:
[array([[-0.67633791],
       [-5.96263314],
       [18.41439965]]), array([[-3.04186215],
       [-5.58165178],
       [16.68865   ]]), array([[ 2.10089394],
       [-6.89747681],
       [24.14903073]])]